50.253 30.600 18 0 5 1	
48.644 31.330 18 0 5 1	
49.287 31.665 18 0 5 1
59.015 33.425 18 0 5 1
59.868 32.739 18 0 5 1
59.004 32.424 18 0 5 1	
59.667 33.192 18 0 5 1
60.050 31.393 18 0 5 1	
58.749 32.897 18 0 5 1	
59.204 32.782 18 0 5 1	
48.881 33.954 18 0 5 1	
48.825 33.672 18 0 5 1
49.139 34.822 18 0 5 1
48.168 34.860 18 0 5 1	
48.602 34.212 18 0 5 1	
48.279 35.242 18 0 5 1	
53.729 33.190 18 0 5 1	
52.047 32.406 18 0 5 1
51.578 33.319 18 0 5 1	
51.592 31.008 18 0 5 1	
52.135 33.969 18 0 5 1	
50.892 32.684 18 0 5 1	
51.396 33.736 18 0 5 1	
52.382 31.809 18 0 5 1	
52.329 32.896 18 0 5 1	
57.540 29.861 18 0 5 1	
56.730 29.644 18 0 5 1	
57.706 27.948 18 0 5 1	
56.477 30.376 18 0 5 1	
58.452 29.136 18 0 5 1	
56.761 29.986 18 0 5 1	
47.861 34.470 18 0 5 1	
46.387 34.700 18 0 5 1
46.568 34.329 18 0 5 1	
47.040 34.275 18 0 5 1	
47.133 34.387 18 0 5 1	
47.514 34.176 18 0 5 1	
46.963 34.919 18 0 5 1	
48.177 33.787 18 0 5 1	
47.847 33.524 18 0 5 1	
48.380 33.518 18 0 5 1	
60.349 35.908 18 0 5 1	
59.515 36.776 18 0 5 1	
59.339 36.108 18 0 5 1	
60.102 36.344 18 0 5 1	
58.990 36.454 18 0 5 1	
59.472 36.308 18 0 5 1	
60.329 35.268 18 0 5 1	
59.236 35.413 18 0 5 1
56.540 27.449 18 0 5 1	
56.172 27.400 18 0 5 1	
57.770 25.638 18 0 5 1	
49.582 35.708 18 0 5 1	
50.646 36.432 18 0 5 1	
50.009 36.290 18 0 5 1	
49.174 36.504 18 0 5 1	
58.754 36.595 18 0 5 1	
58.651 37.409 18 0 5 1	
57.611 36.388 18 0 5 1	
58.000 37.052 18 0 5 1		
50.101 37.156 18 0 5 1	
49.630 37.232 18 0 5 1	
49.802 36.708 18 0 5 1	
49.095 37.564 18 0 5 1	
52.810 36.083 18 0 5 1	
53.831 36.502 18 0 5 1	
53.684 36.207 18 0 5 1
52.338 36.242 18 0 5 1	
51.018 36.518 18 0 5 1
51.518 36.439 18 0 5 1	
53.915 35.468 18 0 5 1	
52.959 35.381 18 0 5 1	
53.284 35.806 18 0 5 1	
51.263 31.908 18 0 5 1	
50.666 32.231 18 0 5 1	
51.072 32.399 18 0 5 1	
50.885 32.328 18 0 5 1
50.854 32.117 18 0 5 1	
51.640 29.625 18 0 5 1	
54.375 27.669 18 0 5 1	 
53.165 27.340 18 0 5 1
53.044 28.476 18 0 5 1	
52.520 29.637 18 0 5 1	
53.577 28.505 18 0 5 1	
57.122 33.613 18 0 5 1	
56.609 33.963 18 0 5 1	
56.686 33.028 18 0 5 1	
45.984 37.678 18 0 5 1	
46.889 37.701 18 0 5 1	
47.042 38.318 18 0 5 1
47.264 37.305 18 0 5 1	
45.702 38.713 18 0 5 1	
45.619 38.283 18 0 5 1	
47.663 37.825 18 0 5 1	
46.327 38.057 18 0 5 1	
47.051 38.490 18 0 5 1	
46.150 38.235 18 0 5 1
46.668 38.504 18 0 5 1	
52.032 35.577 18 0 5 1	
52.754 35.642 18 0 5 1	
50.218 36.386 18 0 5 1
51.276 35.438 18 0 5 1	
50.667 35.685 18 0 5 1	
51.063 34.842 18 0 5 1	
49.929 35.405 18 0 5 1	
52.241 34.352 18 0 5 1	
51.389 35.752 18 0 5 1	
51.727 34.995 18 0 5 1	
51.387 35.746 18 0 5 1	
55.567 31.590 18 0 5 1	
54.408 32.244 18 0 5 1	
54.613 31.390 18 0 5 1
53.685 31.913 18 0 5 1
54.171 31.722 18 0 5 1	
47.281 32.681 18 0 5 1	
45.705 36.767 18 0 5 1	
55.389 37.237 18 0 5 1	
61.136 25.359 18 0 5 1	
62.398 27.403 18 0 5 1	
60.810 29.399 18 0 5 1	
51.260 28.362 18 0 5 1	
51.712 35.855 18 0 5 1	
56.540 27.449 18 0 5 1
46.394 38.017 18 0 5 1
52.537 29.379 18 0 5 1	
48.905 35.378 18 0 5 1	
51.024 35.476 18 0 5 1	
50.581 35.213 18 0 5 1	 
51.840 29.782 18 0 5 1	
57.053 26.757 18 0 5 1
59.472 36.308 18 0 5 1	
57.100 27.106 18 0 5 1	
52.714 29.045 18 0 5 1	
56.835 27.560 18 0 5 1	
53.034 29.840 18 0 5 1	
51.440 33.761 18 0 5 1
50.195 35.637 18 0 5 1
58.537 37.071 18 0 5 1	
51.289 35.806 18 0 5 1	
57.697 37.533 18 0 5 1	
53.104 29.381 18 0 5 1	
60.866 29.486 18 0 5 1	
51.727 34.995 18 0 5 1	
46.851 34.528 18 0 5 1	
