30.600 50.253 18 0 5 1	
31.330 48.644 18 0 5 1	
31.665 49.287 18 0 5 1
33.425 59.015 18 0 5 1
32.739 59.868 18 0 5 1
32.424 59.004 18 0 5 1	
33.192 59.667 18 0 5 1
31.393 60.050 18 0 5 1	
32.897 58.749 18 0 5 1	
32.782 59.204 18 0 5 1	
33.954 48.881 18 0 5 1	
33.672 48.825 18 0 5 1
34.822 49.139 18 0 5 1
34.860 48.168 18 0 5 1	
34.212 48.602 18 0 5 1	
35.242 48.279 18 0 5 1	
33.190 53.729 18 0 5 1	
32.406 52.047 18 0 5 1
33.319 51.578 18 0 5 1	
31.008 51.592 18 0 5 1	
33.969 52.135 18 0 5 1	
32.684 50.892 18 0 5 1	
33.736 51.396 18 0 5 1	
31.809 52.382 18 0 5 1	
32.896 52.329 18 0 5 1	
29.861 57.540 18 0 5 1	
29.644 56.730 18 0 5 1	
27.948 57.706 18 0 5 1	
30.376 56.477 18 0 5 1	
29.136 58.452 18 0 5 1	
29.986 56.761 18 0 5 1	
34.470 47.861 18 0 5 1	
34.700 46.387 18 0 5 1
34.329 46.568 18 0 5 1	
34.275 47.040 18 0 5 1	
34.387 47.133 18 0 5 1	
34.176 47.514 18 0 5 1	
34.919 46.963 18 0 5 1	
33.787 48.177 18 0 5 1	
33.524 47.847 18 0 5 1	
33.518 48.380 18 0 5 1	
35.908 60.349 18 0 5 1	
36.776 59.515 18 0 5 1	
36.108 59.339 18 0 5 1	
36.344 60.102 18 0 5 1	
36.454 58.990 18 0 5 1	
36.308 59.472 18 0 5 1	
35.268 60.329 18 0 5 1	
35.413 59.236 18 0 5 1
27.449 56.540 18 0 5 1	
27.400 56.172 18 0 5 1	
25.638 57.770 18 0 5 1	
35.708 49.582 18 0 5 1	
36.432 50.646 18 0 5 1	
36.290 50.009 18 0 5 1	
36.504 49.174 18 0 5 1	
36.595 58.754 18 0 5 1	
37.409 58.651 18 0 5 1	
36.388 57.611 18 0 5 1	
37.052 58.000 18 0 5 1		
37.156 50.101 18 0 5 1	
37.232 49.630 18 0 5 1	
36.708 49.802 18 0 5 1	
37.564 49.095 18 0 5 1	
36.083 52.810 18 0 5 1	
36.502 53.831 18 0 5 1	
36.207 53.684 18 0 5 1
36.242 52.338 18 0 5 1	
36.518 51.018 18 0 5 1
36.439 51.518 18 0 5 1	
35.468 53.915 18 0 5 1	
35.381 52.959 18 0 5 1	
35.806 53.284 18 0 5 1	
31.908 51.263 18 0 5 1	
32.231 50.666 18 0 5 1	
32.399 51.072 18 0 5 1	
32.328 50.885 18 0 5 1
32.117 50.854 18 0 5 1	
29.625 51.640 18 0 5 1	
27.669 54.375 18 0 5 1	 
27.340 53.165 18 0 5 1
28.476 53.044 18 0 5 1	
29.637 52.520 18 0 5 1	
28.505 53.577 18 0 5 1	
33.613 57.122 18 0 5 1	
33.963 56.609 18 0 5 1	
33.028 56.686 18 0 5 1	
37.678 45.984 18 0 5 1	
37.701 46.889 18 0 5 1	
38.318 47.042 18 0 5 1
37.305 47.264 18 0 5 1	
38.713 45.702 18 0 5 1	
38.283 45.619 18 0 5 1	
37.825 47.663 18 0 5 1	
38.057 46.327 18 0 5 1	
38.490 47.051 18 0 5 1	
38.235 46.150 18 0 5 1
38.504 46.668 18 0 5 1	
35.577 52.032 18 0 5 1	
35.642 52.754 18 0 5 1	
36.386 50.218 18 0 5 1
35.438 51.276 18 0 5 1	
35.685 50.667 18 0 5 1	
34.842 51.063 18 0 5 1	
35.405 49.929 18 0 5 1	
34.352 52.241 18 0 5 1	
35.752 51.389 18 0 5 1	
34.995 51.727 18 0 5 1	
35.746 51.387 18 0 5 1	
31.590 55.567 18 0 5 1	
32.244 54.408 18 0 5 1	
31.390 54.613 18 0 5 1
31.913 53.685 18 0 5 1
31.722 54.171 18 0 5 1	
32.681 47.281 18 0 5 1	
36.767 45.705 18 0 5 1	
37.237 55.389 18 0 5 1	
25.359 61.136 18 0 5 1	
27.403 62.398 18 0 5 1	
29.399 60.810 18 0 5 1	
28.362 51.260 18 0 5 1	
35.855 51.712 18 0 5 1	
27.449 56.540 18 0 5 1
38.017 46.394 18 0 5 1
29.379 52.537 18 0 5 1	
35.378 48.905 18 0 5 1	
35.476 51.024 18 0 5 1	
35.213 50.581 18 0 5 1	 
29.782 51.840 18 0 5 1	
26.757 57.053 18 0 5 1
36.308 59.472 18 0 5 1	
27.106 57.100 18 0 5 1	
29.045 52.714 18 0 5 1	
27.560 56.835 18 0 5 1	
29.840 53.034 18 0 5 1	
33.761 51.440 18 0 5 1
35.637 50.195 18 0 5 1
37.071 58.537 18 0 5 1	
35.806 51.289 18 0 5 1	
37.533 57.697 18 0 5 1	
29.381 53.104 18 0 5 1	
29.486 60.866 18 0 5 1	
34.995 51.727 18 0 5 1	
34.528 46.851 18 0 5 1	
