55.15895 31.28922
55.08665 31.54033
55.02032 31.69355
54.97882 31.85268
54.94751 31.95982
54.92669 32.04239
54.85939 32.14049
>      
54.78272 31.89022
54.814 31.75259
54.85638 31.69128
54.94482 31.6053
55.01565 31.55909
55.06514 31.52213
55.08619 31.48837
55.10999 31.36902
55.20966 31.03815
55.25638 30.76564
>      
54.60892 36.48113
54.54088 36.49522
54.45098 36.52189
54.40928 36.529
54.35657 36.5201
54.31058 36.48912
54.0975 36.286
53.99578 36.23761
>     
54.63082 36.25293
54.43883 36.21417
54.24015 36.1552
54.12154 36.09756
53.9806 36.01445
53.84016 35.88987
53.75902 35.7953
53.7058 35.76056
53.63839 35.75325
53.54567 35.75031
53.50071 35.74998
53.42504 35.72872
53.23487 35.65581
53.19283 35.65079
53.1449 35.66867
53.05745 35.69987
52.98162 35.70127
52.95921 35.69872
>      
53.3637 29.32919
53.4266 29.31118
53.48071 29.26417
53.50493 29.21696
53.55307 29.15938
53.63386 29.12032
53.73845 29.07867
53.87288 29.01073
53.95054 28.94515
54.01318 28.8979
54.06388 28.85062
54.12049 28.80069
>      
60.5114 28.08819
60.72507 27.85064
60.82099 27.73228
60.93605 27.64138
60.99376 27.5406
61.06358 27.40758
61.16084 27.26369
61.21168 27.22953
61.27597 27.18521
61.38002 27.10089
61.39914 27.06831
61.43636 26.9874
61.48622 26.94056
61.51659 26.92003
>      
57.72892 35.33881
57.83743 35.3938
57.93658 35.43447
58.11246 35.50352
58.17517 35.5179
58.26028 35.53696
58.32232 35.53679
58.39697 35.52346
58.45649 35.51785
58.51601 35.51221
>      
50.09817 36.80008
50.18801 36.76123
50.22781 36.75441
50.26035 36.74015
50.28931 36.72063
50.31765 36.71339
50.33564 36.70991
50.36047 36.69639
50.4206 36.66248
50.46375 36.6372
50.52361 36.60733
50.59719 36.58199
50.65899 36.56342
50.6974 36.55642
50.73957 36.55054
50.78028 36.54871
>
52.12145 33.29242 
52.40576 33.30117
52.77031 33.27282
52.95572 33.23431
53.01867 33.20383
53.08221 33.123
53.11728 33.04184
53.13791 32.97732
53.15277 32.91751
>    
56.93844 30.59356
56.98323 30.56007
57.00205 30.53276
57.01733 30.49564
57.02199 30.48703
57.03642 30.47824
57.06376 30.46492
57.12026 30.44528
57.15256 30.43466
57.23478 30.40451
>    
53.83799 36.14578
53.98213 36.16593
54.12634 36.19835
54.40857 36.26265
54.52021 36.26795
54.77206 36.28703
>    
47.04621 39.22839
47.25385 39.28619
47.34546 39.30813
47.41796 39.31258
47.51271 39.3021
47.62594 39.26015
47.7565 39.25562
47.87119 39.25411
48.06327 39.26086
>    
56.88313 37.253 
56.96904 37.18597
57.09031 37.16159
57.26659 37.15752
57.38816 37.1437
57.47466 37.10347
57.65923 36.98444
57.77822 36.92136
57.89779 36.87443
>      
57.06804 36.60517
57.0015 36.6362
56.92865 36.64911
56.79902 36.65176
56.7681 36.65464
56.73406 36.64848
56.60868 36.60533
56.39048 36.56133
56.39048 36.56133
>      
49.12706 35.75473
49.17384 35.73808
49.23841 35.72963
49.26212 35.7157
49.30176 35.66497
49.3941 35.5715
49.46545 35.52205
49.49078 35.47816
49.54878 35.42058
49.59676 35.37756
49.67136 35.34681
49.72157 35.34502
49.75438 35.32757
49.88933 35.27274
49.9592 35.24161
50.05043 35.23746
50.218 35.22345
50.30281 35.20702
50.36417 35.18976
50.44546 35.168
50.5137 35.13359
50.66804 35.04681
50.90125 34.91145
51.07336 34.82259
51.14947 34.79409
>      
49.4559 36.93794 
49.72029 37.03076
49.88934 37.10707
49.98806 37.16821
50.02285 37.18592
50.05322 37.19113
50.09974 37.18057
50.18364 37.13853
50.28418 37.06834
>     
57.46848 25.795
58.39211 25.57561
58.94054 25.49813
59.39706 25.43591
59.74088 25.37201
60.24264 25.31941
60.65791 25.27826
61.03574 25.20993
61.36338 25.16168
61.55077 25.15233
>      
60.35303 26.84222
60.47817 26.90627
60.54552 26.93014
60.59138 26.93826
60.61007 26.94019
60.6303 26.95133
60.70671 27.00715
>      
56.25865 36.50793
56.14182 36.52447
56.09039 36.51928
56.00954 36.50854
55.84723 36.45429
55.72577 36.42012
55.64507 36.40913
55.54251 36.40124
55.44298 36.35177
54.92554 36.124
>      
46.89771 35.00961
47.07287 34.8431
>      
56.00774 32.54313 
55.95733 32.61602
55.94353 32.66959
55.94085 32.72459
55.97251 32.82937
56.02678 32.94641
56.14603 33.21475
56.26864 33.52369
56.49018 33.84962
56.63988 34.07908
56.88083 34.38655
57.20875 34.62507
57.4204  34.81285
57.49191 34.84554
57.58427 34.87607
57.80136 34.93289
57.91075 34.95644
58.0055 34.99128
>      
59.65153 33.10049
59.69827 33.04826
59.72995 33.0149
59.76226 32.99217
59.80926 32.96881
59.86883 32.94485
>      
60.86517 33.55561 
60.76589 33.49233
60.66143 33.41483
60.61315 33.37042
60.57826 33.33252
60.55635 33.29579
60.53923 33.26601
60.52928 33.21603
60.52751 33.19089
>      
51.74253 35.28966
51.827 35.23608
51.86966 35.19223
51.87807 35.16896
52.00689 35.09272
>      
55.53965 33.12612
55.46216 32.92329
55.34778 32.7134
55.28334 32.58058
55.24764 32.45236
55.26838 32.26794
55.29003 32.17079
55.39348 32.03177
55.42085 31.95151
>     
55.43595 36.88798
55.55964 37.0097
55.63684 37.04987
55.76499 37.08263
55.85093 37.12485
55.95347 37.14407
56.09617 37.17855
56.28546 37.25081
56.53785 37.32847
56.68371 37.3531
56.76617 37.35152
56.89444 37.35802
57.00517 37.35115
>      
44.99428 36.68924
45.22089 36.55081
45.38995 36.39802
45.46241 36.32296
45.52266 36.25166
45.54187 36.182
45.55902 36.13114
45.59768 36.09609
45.64258 36.05675
45.81205 35.93639
46.02846 35.7479
46.13217 35.63655
46.24109 35.46848
46.34895 35.36667
46.44641 35.31147
46.7207 35.08248
46.83558 35.01854
>      
60.27612 28.42649
60.22295 28.53931
60.21738 28.60004
60.21355 28.69225
60.21153 28.76334
60.17517 28.85962
60.1574 28.91564
60.11654 28.9858
60.03891 29.09437
60.00132 29.17225
>      
49.64009 35.4512
49.75575 35.446
49.84882 35.42043
50.00308 35.41157
50.17471 35.41045
50.24605 35.40322
50.34466 35.38227
50.47701 35.33317
50.52205 35.31763
50.60501 35.31298
50.69156 35.29379
50.77552 35.26474
>      
57.37275 26.8055
57.5182 27.23032
57.59867 27.41597
57.63543 27.56895
57.66403 27.80387
57.69836 28.04341
57.72748 28.28301
57.73267 28.4463
57.71215 28.65349
>
48.55709 38.2164
48.51784 38.12499
48.48733 38.05433
48.4728 37.97636
48.45642 37.92268
48.42002 37.8639
48.3573 37.81594
48.32579 37.76144
48.32354 37.72474
48.32222 37.67589
>     
61.67864 28.78497
61.62194 28.70658
61.57371 28.60052
61.546 28.4933
61.5322 28.42575
61.53283 28.3402
61.53171 28.30425
61.55072 28.22785
61.573 28.16252
61.60913 28.09641
61.67503 28.02193
61.78127 27.96549
61.86637 27.91575
61.90733 27.88645
61.94253 27.84735
62.01241 27.76239
62.03709 27.70962
62.06655 27.67981
62.14495 27.6292
62.23732 27.58109
62.28188 27.53463
62.35917 27.45363
62.4206 27.39825
62.52572 27.32227
62.63666 27.25177
62.74589 27.21812
62.83048 27.20838
62.90441 27.20714
62.94263 27.21487
63.01726 27.23936
63.05437 27.26508
63.07737 27.27035
63.12357 27.26739
63.16103 27.26496
>      
55.83566 32.12395
55.81704 32.26295
55.78318 32.43793
55.75872 32.55012
55.72908 32.67129
55.68345 32.78814
55.65308 32.87349
55.65407 32.93613
55.6766 33.02091
>    
46.73645 34.99879
46.98259 34.87987
47.1437 34.81419
47.2695 34.77013
47.33612 34.74276
47.39667 34.70761
47.44584 34.67546
>
53.61594 31.68823
53.82837 31.25959
53.93625 31.13227
54.15355 30.91024
54.37431 30.73257
54.45224 30.63274
54.50742 30.56615
54.53991 30.52173
54.57383 30.49086
54.60352 30.46738
54.6615 30.43891
54.72371 30.41036
54.81986 30.38167
54.85514 30.35934
54.87766 30.33829
55.08941 30.16124
55.49614 29.79081
>      
48.10666 39.42224
48.29418 39.28914
48.42676 39.16478
48.56787 39.02275
48.67852 38.87304
48.78946 38.60971
48.86396 38.31454
48.9365 37.92952
49.0009 37.7592
49.08697 37.59576
49.17696 37.48026
49.24434 37.36365
49.28326 37.22182
>  
59.47693 35.85043
59.64039 35.75584
59.68019 35.71719
59.73262 35.65725
59.84342 35.58545
59.95218 35.52748
60.07184 35.46658
>   
48.44783 36.71506
48.73801 36.6137
48.82283 36.55489
48.94698 36.4626
49.1521 36.3109
49.33688 36.17551
49.36074 36.13879
49.39294 36.11749
49.45697 36.07991
49.61953 36.04631
>   
56.96284 27.65346
57.04242 27.5171
57.1805 27.32217
57.25649 27.20932
57.25858 27.14528
57.25893 27.01386
57.25487 26.85556
57.25324 26.79156
57.25569 26.74096
57.29812 26.64565
57.35392 26.49272
57.40437 26.42418
57.44048 26.37953
57.44677 26.33556
57.45234 26.26465
57.46102 26.20169
57.50013 26.10172
57.55642 25.98238
>   
57.25569 26.74096
57.33697 26.68412
57.36214 26.64649
57.40873 26.57129
57.46163 26.45546
57.48981 26.39411
57.49627 26.3569
57.49491 26.30636
57.46102 26.20169
>   
47.9094	37.77885
47.93537 37.8522
47.96677 37.91433
47.97263 37.92592
48.00602 37.97556
48.0786	38.06287
48.12298 38.12722
48.18611 38.20581
48.20832 38.23204
>
47.24521 37.68436
47.26326 37.68353
47.29136 37.68031
47.3279	37.67324
47.37999 37.66273
47.41445 37.65606
47.44948 37.65076
47.47026 37.64978
47.51527 37.65123
47.55401 37.65307
47.58816 37.65471
47.60838 37.65664
47.6329	37.65989
47.66731 37.67151
>
47.25604 37.79278
47.27922 37.79451
47.32896 37.7974
47.38749 37.79978
47.42014 37.79768
47.44417 37.79408
47.46687 37.7914
47.49913 37.79422
47.54991 37.80005
47.5979	37.80968
47.62594 37.81958
> 
47.83769 37.43082
47.83354 37.45207
47.83818 37.4827
47.8558 37.5094
47.86797 37.53214
47.87918 37.56771
47.88783 37.62246
47.89256 37.68342
47.89824 37.73155
47.9094	37.77885
>
47.73866 37.34097
47.76893 37.36846
47.78873 37.38643
47.8237 37.41814
47.83769 37.43082
47.88298 37.47499
>
47.63416 37.50428
47.66 37.47588
47.67553 37.45187
47.69743 37.40933
47.73866 37.34097
47.75429 37.31496
>
47.66731 37.67151
47.70174 37.68897
47.73068 37.70147
47.7546 37.70787
47.76886 37.71301
47.77883 37.7184
47.79475 37.72994
47.8512	37.75481
47.9094	37.77885
>
