48.50725 33.81244
48.50997 33.81063
48.51323 33.80864
48.51524 33.80701
48.51670 33.80593
48.51801 33.80537
48.51873 33.80515
48.51910 33.80511
48.51951 33.80529
48.52003 33.80594
48.52066 33.80642
48.52118 33.80643
48.52206 33.80643
48.52357 33.80600
48.52498 33.80622
48.52711 33.80719
48.52975 33.80917
48.53141 33.81109
48.53218 33.81297
48.53300 33.81533
48.53403 33.81751
48.53455 33.81804
48.53497 33.81821
48.53632 33.81813
48.54028 33.81737
48.54451 33.81691
48.54649 33.81674
48.54877 33.81645
48.55148 33.81647
48.55419 33.81670
48.55658 33.81715
48.55845 33.81768
48.55939 33.81803
48.56002 33.81803
48.56017 33.81781
48.56038 33.81725
48.56096 33.81660
48.56253 33.81538
48.56441 33.81417
48.56618 33.81348
48.56837 33.81310
48.57103 33.81272
48.57551 33.81226
48.57734 33.81209
48.57969 33.81140
48.58172 33.81063
48.58443 33.80999
48.58641 33.80973
48.58817 33.80960
48.58984 33.80956
48.59140 33.81000
48.59499 33.81111
48.59796 33.81203
48.59879 33.81239
48.59958 33.81239
48.60062 33.81200
48.60328 33.80997
48.60704 33.80789
48.60843 33.80727
48.61031 33.80676
48.61130 33.80646
48.61213 33.80650
48.61302 33.80690
48.61541 33.80774
48.61829 33.80841
48.62013 33.80876
48.62177 33.80876
48.62301 33.80677
48.62486 33.80388
48.62780 33.79945
48.63024 33.79693
48.63169 33.79507
48.63239 33.79449
48.63363 33.79404
48.63553 33.79342
48.63826 33.79322
48.64218 33.79315
48.64506 33.79337
48.64744 33.79375
48.64952 33.79435
48.65125 33.79498
48.65245 33.79498
48.65508 33.79474
48.65721 33.79459
48.65865 33.79467
48.65954 33.79443
48.66143 33.79348
48.66235 33.79316
48.66359 33.79296
48.66448 33.79321
48.66547 33.79380
48.66616 33.79484
48.66705 33.79604
48.66759 33.79650
48.66893 33.79651
48.67092 33.79648
48.67281 33.79661
48.67504 33.79683
48.67678 33.79721
48.67886 33.79738
48.68079 33.79756
48.68248 33.79777
48.68362 33.79832
48.68536 33.79949
48.68674 33.80057
48.68834 33.80034
48.69014 33.80018
48.69207 33.80035
48.69399 33.80101
48.69592 33.80172
48.69752 33.80231
48.69848 33.80318
48.69905 33.80399
48.69912 33.80581
48.69886 33.80704
48.69750 33.80860
48.69648 33.80948