59.80 34.09
59.79 33.96
59.80 33.91
59.82 33.87
59.91 33.78
59.93 33.72
59.95 33.63
59.98 33.56
60.03 33.48
60.11 33.38
60.15 33.29
60.23 33.18
60.31 33.12
>	  
57.61 37.90
57.70 37.87
57.75 37.84
57.79 37.80
57.93 37.66
58.09 37.49
58.11 37.44
58.14 37.35
>	  
58.32 29.33
58.42 29.02
58.54 28.76
58.57 28.64
58.64 28.48
58.71 28.38
58.80 28.27
>	  
51.25 29.54
51.29 29.45
51.29 29.26
51.31 29.04
51.31 28.89
51.32 28.80
51.34 28.66
51.39 28.51
51.44 28.36
51.51 28.21
51.52 28.12
51.52 27.90
>	  
56.04 32.70
56.10 32.69
56.15 32.70
56.24 32.77
56.50 33.00
56.60 33.04
56.68 33.05
56.84 33.06
56.93 33.06
57.00 33.06
57.10 33.03
57.27 33.01
57.33 33.01
>	  
55.51 31.39
55.60 31.29
55.70 31.13
55.87 30.96
56.00 30.86
56.16 30.72
56.24 30.67
56.28 30.65
56.45 30.51
>	  
51.65 30.77
51.49 30.90
51.37 31.04
51.31 31.16
51.28 31.31
51.21 31.57
51.18 31.67
51.13 31.81
51.11 31.89
51.10 31.91
51.10 31.91
51.03 31.92
>	  
47.39 34.67
47.55 34.61
47.81 34.48
>	  
58.71 33.67
58.71 33.46
>	  
58.19 37.52
58.28 37.33
58.46 37.10
>	  
57.89 29.60
57.87 29.68
57.78 29.82
57.60 30.16
57.53 30.31
57.53 30.41
57.53 30.44
57.53 30.47
57.51 30.51
57.46 30.56
57.40 30.58
>	  
57.42 30.11
57.52 29.97
57.74 29.79
57.80 29.68
57.85 29.52
57.89 29.28
57.94 29.04
57.96 28.99
57.99 28.95
58.14 28.84
>	  
54.18 28.80
54.44 28.73
54.61 28.66
54.73 28.60
54.85 28.55
54.94 28.52
54.97 28.50
55.11 28.40
>	  
54.59 28.45
54.76 28.36
54.87 28.31
54.98 28.26
55.07 28.24
55.15 28.26
55.22 28.26
55.26 28.25
55.30 28.23
55.40 28.22
55.46 28.23
55.59 28.24
55.64 28.24
55.73 28.22
55.79 28.18
55.86 28.14
55.94 28.04
56.03 27.99
56.09 27.97
56.15 27.92
56.19 27.87
56.26 27.83
56.30 27.81
56.37 27.80
56.47 27.76
56.51 27.71
56.54 27.65
56.63 27.59
56.68 27.55
56.74 27.54
56.83 27.53
56.86 27.51
56.90 27.43
56.98 27.33
57.05 27.20
57.09 27.07
57.09 26.97
57.11 26.81
57.13 26.68
57.14 26.61
57.17 26.56
57.22 26.48
57.23 26.39
57.25 26.31
57.27 26.18
57.27 26.06
57.29 25.99
57.32 25.92
57.37 25.84
57.38 25.83
>	  
53.18 29.53
53.03 29.56
52.89 29.62
52.77 29.69
52.64 29.78
52.44 29.96
52.22 30.11
52.03 30.26
51.95 30.36
51.87 30.49
51.83 30.59
51.78 30.64
51.69 30.73
>	  
45.66 35.58
45.77 35.46
45.87 35.31
45.95 35.11
45.98 35.02
46.04 34.93
46.23 34.75
46.41 34.58
46.68 34.32
46.81 34.20
46.96 34.10
47.07 34.05
47.25 33.99
47.47 33.93
47.63 33.88
47.91 33.72
48.19 33.55
48.44 33.38
48.68 33.28
49.01 33.22
49.17 33.16
49.38 33.01
49.50 32.91
49.53 32.84
49.53 32.84
49.53 32.84
49.53 32.84
>	  
57.77 28.04
57.81 27.91
57.81 27.81
57.80 27.68
57.79 27.57
57.79 27.49
57.81 27.44
57.84 27.37
57.88 27.32
58.01 27.24
58.08 27.21
58.12 27.17
58.16 27.13
58.21 27.08
58.28 27.04
58.34 27.01
58.47 26.98
>	  
59.59 28.96
59.61 29.16
59.68 29.44
59.75 29.60
59.79 29.76
59.84 30.05
59.84 30.23
59.83 30.28
>	  
52.06 29.84
52.15 29.71
52.20 29.64
52.21 29.61
52.21 29.59
52.19 29.55
52.15 29.41
52.15 29.37
52.15 29.31
52.15 29.27
52.19 29.18
52.21 29.12
52.22 29.09
52.24 29.04
52.26 28.93
>	  
51.52 33.81
51.50 33.85
51.43 33.92
51.38 33.98
51.32 34.06
51.30 34.14
51.28 34.16
>	  
51.52 29.59
51.53 29.70
51.56 29.81
51.60 29.87
51.59 29.97
51.58 30.07
51.52 30.21
51.51 30.28
51.51 30.32
51.53 30.38
51.53 30.43
51.54 30.48
51.55 30.51
>	  
55.87 32.03
56.01 31.82
56.12 31.59
56.21 31.48
56.26 31.39
56.27 31.33
56.32 31.18
56.36 31.13
56.50 31.01
56.73 30.77
56.81 30.73
56.95 30.65
57.01 30.64
57.04 30.64
>	  
56.96 31.63
57.00 31.64
57.05 31.64
57.07 31.64
57.09 31.64
57.12 31.63
57.15 31.59
57.15 31.09
57.28 30.83
57.39 30.64
57.40 30.58
57.43 30.55
57.47 30.52
>	  
57.06 38.53
56.71 38.73
56.31 38.92
56.06 39.04
55.73 39.17
55.27 39.32
54.74 39.47
54.29 39.57
54.08 39.58
>	  
56.41 38.94
56.77 38.78
57.03 38.64
57.26 38.50
>	  
58.87 33.51
58.86 33.43
58.85 33.39
58.88 33.29
58.90 33.26
58.97 33.16
59.01 33.11
59.06 33.07
59.23 32.96
>	  
45.33 38.45
45.67 38.35
46.10 38.23
46.49 38.04
46.69 37.91
46.92 37.78
47.10 37.63
47.32 37.50
>	  
48.40 34.14
48.53 34.01
48.68 33.89
48.77 33.82
>	  
57.49 32.76
57.52 32.55
57.54 32.44
57.51 32.30
57.54 31.72
57.56 31.25
57.55 31.11
57.53 30.96
>
59.85 29.60
59.89 29.50
59.93 29.40
59.93 29.33
59.95 29.17
59.97 29.13
60.02 29.07
60.09 28.95
60.11 28.88
60.14 28.79
60.16 28.71
60.17 28.67
60.18 28.65
60.20 28.63
60.22 28.60
> 
55.26 30.63
55.31 30.58
55.35 30.55
55.44 30.53
55.52 30.49
55.73 30.34
55.82 30.30
55.88 30.27
55.93 30.24
56.00 30.17
56.11 30.11
56.17 30.04
>
59.92 29.86
59.93 29.72
59.95 29.57
59.96 29.51
59.98 29.44
60.02 29.26
60.03 29.20
60.08 29.13
60.14 29.00
60.17 28.94
60.22 28.80
60.25 28.68
60.25 28.66
60.25 28.56
60.27 28.51
60.31 28.44
>
52.63 29.36
52.60 29.32
52.61 29.28
52.61 29.23
52.62 29.19
52.65 29.14
52.68 29.11
52.70 29.07
52.73 28.80
52.73 28.71
>  
52.84 28.92
52.89 28.82
52.90 28.76
> 
52.41 29.69
52.45 29.60
52.48 29.50
52.52 29.34
>
47.59 34.54
47.87 34.43
47.94 34.39
48.17 34.23
48.22 34.18
48.26 34.16
>
53.23 29.55
53.25 29.44
53.28 29.39
53.31 29.34
53.32 29.27
53.36 29.14
53.38 29.09
53.44 29.01
53.50 28.94
53.56 28.86
53.61 28.80
53.67 28.75
>
53.17 32.69
53.19 32.54
53.20 32.40
53.22 32.35
53.38 32.12
53.62 31.69
53.86 31.09
53.97 30.77
54.03 30.61
54.08 30.50
54.17 30.37
54.32 30.13
54.34 30.08
54.37 29.97
54.48 29.76
54.59 29.62
54.67 29.54
54.70 29.49
54.74 29.42
54.86 29.29
54.91 29.24
> 
54.05 35.19
54.16 35.22
54.28 35.23
54.39 35.25
54.48 35.28
54.69 35.35
54.75 35.35
54.80 35.38
54.86 35.42
54.99 35.49
55.08 35.53
55.19 35.55
55.27 35.56
55.35 35.58
>
54.05 35.19
54.16 35.22
54.28 35.23
54.39 35.25
54.48 35.28
54.69 35.35
54.75 35.35
54.80 35.38
54.86 35.42
54.99 35.49
55.08 35.53
55.19 35.55
55.27 35.56
55.35 35.58
>	  
60.69 30.77
60.68 30.52
60.68 30.30
60.70 30.19
60.72 30.13
60.91 29.64
60.95 29.47
60.97 29.29
61.02 29.19
61.08 29.13
61.15 29.10
>  
51.59 33.73
51.76 33.66
51.89 33.57
51.95 33.51
52.09 33.36
52.19 33.17
52.29 32.96
52.30 32.90
> 
48.75 33.80
48.84 33.71
48.92 33.65
49.09 33.50
49.20 33.39
49.53 33.16
>
