45.91 37.07 6 0 5 6 MAHB
46.59 35.00 6 0 5 6 DHR
47.16 35.22 6 0 5 6 LIN
48.06 34.77 6 0 5 6 BZA
47.71 34.48 6 0 5 6 KOM
47.24 34.57 6 0 5 6 KCHF
48.05 33.82 6 0 5 6 KFM
48.58 33.82 6 0 5 6 KMR
49.34 35.12 6 0 5 6 HAGD
49.1 35.68 6 0 5 6 HKZM
48.8 34.51 6 0 5 6 HSAM
51.79 31.31 6 0 5 6 KLNJ
48.84 31.63 6 0 5 6 AHWZ
49.49 31.97 6 0 5 6 AMIS
50.45 30.9 6 0 5 6 ABH1
51.46 32.21 6 0 5 6 BRJ
51.08 32.63 6 0 5 6 SHK1
52.72 29.94 6 0 5 6 SHI
53.36 27.64 6 0 5 6 LMD1
54.57 27.97 6 0 5 6 LAR1
53.78 28.8 6 0 5 6 JHRM
47.48 32.98 6 0 5 6 DHL1
56.74 27.75 6 0 5 6 BNB
56.37 27.7 6 0 5 6 GENO
57.97 25.94 6 0 5 6 JSK1
57.91 28.25 6 0 5 6 KHNJ
51.27 32.7 6 0 5 6 ROKH
51.05 32.42 6 0 5 6 ZNGN
50.87 32.53 6 0 5 6 JHBN
54.375 27.669 18 0 5 1	 
53.165 27.340 18 0 5 1
53.044 28.476 18 0 5 1	
52.520 29.637 18 0 5 1	
53.577 28.505 18 0 5 1	
57.122 33.613 18 0 5 1	
56.609 33.963 18 0 5 1	
56.686 33.028 18 0 5 1	
45.984 37.678 18 0 5 1	
46.889 37.701 18 0 5 1	
47.042 38.318 18 0 5 1
47.264 37.305 18 0 5 1	
45.702 38.713 18 0 5 1	
45.619 38.283 18 0 5 1	
47.663 37.825 18 0 5 1	
46.327 38.057 18 0 5 1	
47.051 38.490 18 0 5 1	
46.150 38.235 18 0 5 1
46.668 38.504 18 0 5 1	
52.032 35.577 18 0 5 1	
52.754 35.642 18 0 5 1	
50.218 36.386 18 0 5 1
51.276 35.438 18 0 5 1	
50.667 35.685 18 0 5 1	
51.063 34.842 18 0 5 1	
49.929 35.405 18 0 5 1	
52.241 34.352 18 0 5 1	
51.389 35.752 18 0 5 1	
51.727 34.995 18 0 5 1	
51.387 35.746 18 0 5 1	
55.567 31.590 18 0 5 1	
54.408 32.244 18 0 5 1	
54.613 31.390 18 0 5 1
53.685 31.913 18 0 5 1
54.171 31.722 18 0 5 1	
47.281 32.681 18 0 5 1	
45.705 36.767 18 0 5 1	
55.389 37.237 18 0 5 1	
61.136 25.359 18 0 5 1	
62.398 27.403 18 0 5 1	
60.810 29.399 18 0 5 1	
51.260 28.362 18 0 5 1	
51.712 35.855 18 0 5 1	
56.540 27.449 18 0 5 1
46.394 38.017 18 0 5 1
52.537 29.379 18 0 5 1	
48.905 35.378 18 0 5 1	
51.024 35.476 18 0 5 1	
50.581 35.213 18 0 5 1	 
51.840 29.782 18 0 5 1	
57.053 26.757 18 0 5 1
59.472 36.308 18 0 5 1	
57.100 27.106 18 0 5 1	
52.714 29.045 18 0 5 1	
56.835 27.560 18 0 5 1	
53.034 29.840 18 0 5 1	
51.440 33.761 18 0 5 1
50.195 35.637 18 0 5 1
58.537 37.071 18 0 5 1	
51.289 35.806 18 0 5 1	
57.697 37.533 18 0 5 1	
53.104 29.381 18 0 5 1	
60.866 29.486 18 0 5 1	
51.727 34.995 18 0 5 1	
46.851 34.528 18 0 5 1
