45.71 36.77 18 0 5 1
46.39 34.7 18 0 5 1
46.96 34.92 18 0 5 1
47.86 34.47 18 0 5 1
47.51 34.18 18 0 5 1
47.04 34.27 18 0 5 1
47.85 33.52 18 0 5 1
48.38 33.52 18 0 5 1
49.14 34.82 18 0 5 1
48.9 35.38 18 0 5 1
48.6 34.21 18 0 5 1
51.59 31.01 18 0 5 1
48.64 31.33 18 0 5 1
49.29 31.67 18 0 5 1
50.25 30.6 18 0 5 1
51.26 31.91 18 0 5 1
50.88 32.33 18 0 5 1
52.52 29.64 18 0 5 1
53.16 27.34 18 0 5 1
54.37 27.67 18 0 5 1
53.58 28.5 18 0 5 1
47.28 32.68 18 0 5 1
56.54 27.45 18 0 5 1
56.17 27.4 18 0 5 1
57.77 25.64 18 0 5 1
57.71 27.95 18 0 5 1
51.07 32.4 18 0 5 1
50.85 32.12 18 0 5 1
50.67 32.23 18 0 5 1
