45.71 36.77 18 0 5 1
46.39 34.7 18 0 5 1
46.96 34.92 18 0 5 1
47.86 34.47 18 0 5 1
47.51 34.18 18 0 5 1
47.04 34.27 18 0 5 1
47.85 33.52 18 0 5 1
48.38 33.52 18 0 5 1
49.14 34.82 18 0 5 1
48.9 35.38 18 0 5 1
48.6 34.21 18 0 5 1
51.59 31.01 18 0 5 1
48.64 31.33 18 0 5 1
49.29 31.67 18 0 5 1
50.25 30.6 18 0 5 1
51.26 31.91 18 0 5 1
50.88 32.33 18 0 5 1
52.52 29.64 18 0 5 1
53.16 27.34 18 0 5 1
54.37 27.67 18 0 5 1
53.58 28.5 18 0 5 1
47.28 32.68 18 0 5 1
56.54 27.45 18 0 5 1
56.17 27.4 18 0 5 1
57.77 25.64 18 0 5 1
57.71 27.95 18 0 5 1
51.07 32.4 18 0 5 1
50.85 32.12 18 0 5 1
50.67 32.23 18 0 5 1
54.175 27.369 18 0 5 1
52.965 27.04 18 0 5 1
52.844 28.176 18 0 5 1
52.32 29.337 18 0 5 1
53.377 28.205 18 0 5 1
56.922 33.313 18 0 5 1
56.409 33.663 18 0 5 1
56.486 32.728 18 0 5 1
45.784 37.378 18 0 5 1
46.689 37.401 18 0 5 1
46.842 38.018 18 0 5 1
47.064 37.005 18 0 5 1
45.502 38.413 18 0 5 1
45.419 37.983 18 0 5 1
47.463 37.525 18 0 5 1
46.127 37.757 18 0 5 1
46.851 38.19 18 0 5 1
45.95 37.935 18 0 5 1
46.468 38.204 18 0 5 1
51.832 35.277 18 0 5 1
52.554 35.342 18 0 5 1
50.018 36.086 18 0 5 1
51.076 35.138 18 0 5 1
50.467 35.385 18 0 5 1
50.863 34.542 18 0 5 1
49.729 35.105 18 0 5 1
52.041 34.052 18 0 5 1
51.189 35.452 18 0 5 1
51.527 34.695 18 0 5 1
51.187 35.446 18 0 5 1
55.367 31.29 18 0 5 1
54.208 31.944 18 0 5 1
54.413 31.09 18 0 5 1
53.485 31.613 18 0 5 1
53.971 31.422 18 0 5 1
47.081 32.381 18 0 5 1
45.505 36.467 18 0 5 1
55.189 36.937 18 0 5 1
60.936 25.059 18 0 5 1
62.198 27.103 18 0 5 1
60.61 29.099 18 0 5 1
51.06 28.062 18 0 5 1
51.512 35.555 18 0 5 1
56.34 27.149 18 0 5 1
46.194 37.717 18 0 5 1
52.337 29.079 18 0 5 1
48.705 35.078 18 0 5 1
50.824 35.176 18 0 5 1
50.381 34.913 18 0 5 1
51.64 29.482 18 0 5 1
56.853 26.457 18 0 5 1
59.272 36.008 18 0 5 1
56.9 26.806 18 0 5 1
52.514 28.745 18 0 5 1
56.635 27.26 18 0 5 1
52.834 29.54 18 0 5 1
51.24 33.461 18 0 5 1
49.995 35.337 18 0 5 1
58.337 36.771 18 0 5 1
51.089 35.506 18 0 5 1
57.497 37.233 18 0 5 1
52.904 29.081 18 0 5 1
60.666 29.186 18 0 5 1
51.527 34.695 18 0 5 1
46.651 34.228 18 0 5 1
