47.3065 33.05369 
47.74098 32.87414
47.8646 32.7939
47.92933 32.76722
47.97702 32.75965
48.05602 32.75364
48.10717 32.75286
>
48.33994 32.80556 
48.43682 32.80542
48.49641 32.81512
48.5468 32.8275
48.58605 32.82932
48.61745 32.83076
48.66557 32.81627
48.73903 32.77285
48.81163 32.74269
48.87399 32.68533
>      
48.0541 32.8403
48.10365 32.81301
48.15418 32.79173
48.219 32.78777
48.2626 32.78058
48.31812 32.77326
48.37736 32.76942
48.44793 32.77278
48.56931 32.78181
>     
58.5574 34.06114 
59.00407 34.06712
59.31475 34.0506
59.50521 34.05598
59.79785 34.08962
60.299 34.26656
>
54.18067 33.98877
54.57903 34.17579
54.63126 34.18004
54.70791 34.19582
54.77074 34.22318
55.16128 34.42572
55.91304 34.76156
56.11468 34.8415
56.49207 34.97616
56.68501 35.02195
57.09202 35.15508
57.46666 35.23022
57.66222 35.26857
57.85178 35.28649
58.14607 35.31542
58.52322 35.31032
59.02389 35.26905
59.30583 35.23477
59.42363 35.2111
59.6616 35.13002
59.93257 34.99777
60.12925 34.89451
60.455 34.76429
60.66487 34.68847
60.77917 34.65427
60.84638 34.64058
60.94203 34.63256
>
50.37794 35.62157
50.17075 35.67276
50.06535 35.703
49.9967 35.71021
49.94608 35.7132
49.86609 35.71018
49.83298 35.71864
49.79652 35.73424
49.71064 35.78435
49.67722 35.79762
49.64717 35.8037
49.61416 35.80968
>     
50.42006 36.13061
50.55995 36.05278
50.64312 36.02055
50.72889 36.01688
50.8065 36.02243
50.86468 36.02735
50.91821 36.05114
50.98032 36.0561
51.04256 36.05789
51.1239 36.06966
51.1588 36.0738
51.21365 36.06578
51.26905 36.04186
51.33176 36.03081
51.33977 36.02466
51.34811 36.00903
51.34866 35.99316
51.35688 35.9807
51.37655 35.97486
51.41932 35.97593
51.51728 35.95612
51.64779 35.88941
51.83302 35.80468
52.0557 35.7585
52.28577 35.71837
52.44931 35.69575
52.64352 35.68925
>     
51.78505 35.82668
51.56091 35.81122
51.43725 35.79234
51.34048 35.78355
51.19427 35.74799
51.1515 35.75001
51.0729 35.77639
50.92565 35.86737
50.80165 35.9525
50.76886 35.98151
50.72711 36.01695
>
