49.23 31.19
49.33 31.09
49.38 31.04
49.41 31.03
49.43 31.02
49.46 31.03
49.50 31.03
49.53 31.00
49.65 30.90
49.87 30.63
>	
48.18 31.68
48.26 31.62
48.41 31.55
48.57 31.44
48.70 31.34
48.79 31.31
49.01 31.15
>	
49.65 33.02
49.85 32.71
49.90 32.64
50.09 32.49
50.38 32.26
50.89 31.89
>	
47.31 33.05
47.74 32.87
47.86 32.79
47.93 32.77
47.98 32.76
48.06 32.75
48.11 32.75
>	
48.34 32.81
48.44 32.81
48.50 32.82
48.55 32.83
48.59 32.83
48.62 32.83
48.67 32.82
48.74 32.77
48.81 32.74
48.87 32.69
>	
48.05 32.84
48.10 32.81
48.15 32.79
48.22 32.79
48.26 32.78
48.32 32.77
48.38 32.77
48.45 32.77
48.57 32.78
>	
53.97 27.90
54.14 27.83
54.35 27.76
54.43 27.76
>	
53.74 33.14
53.94 33.21
54.19 33.26
54.38 33.30
54.52 33.33
54.74 33.41
54.97 33.52
55.15 33.65
55.24 33.69
>	
58.89 36.91
58.99 36.87
59.08 36.81
59.20 36.73
59.30 36.65
59.41 36.60
59.55 36.57
59.60 36.55
59.66 36.53
59.75 36.46
59.83 36.38
59.96 36.22
60.09 36.06
60.17 35.95
60.23 35.83
>	
58.53 36.80
58.56 36.67
58.61 36.58
58.68 36.51
58.76 36.47
58.77 36.45
58.77 36.44
58.78 36.42
58.83 36.39
59.02 36.28
59.02 36.26
59.07 36.22
59.13 36.19
59.21 36.11
59.30 36.07
59.46 36.00
>	
61.16 27.77
61.35 27.52
61.49 27.35
61.57 27.23
61.61 27.21
61.63 27.20
>	
51.25 29.54
51.29 29.45
51.29 29.26
51.31 29.04
51.31 28.89
51.32 28.80
51.34 28.66
51.39 28.51
51.44 28.36
51.51 28.21
51.52 28.12
51.52 27.90
>	
48.16 32.60
48.32 32.58
48.47 32.53
48.57 32.47
48.66 32.39
48.71 32.36
48.80 32.33
48.84 32.30
48.91 32.25
48.99 32.20
49.01 32.18
49.03 32.12
49.05 32.10
49.10 32.06
49.12 32.04
49.15 32.03
49.18 32.03
49.19 32.03
49.20 32.00
49.20 31.98
49.22 31.95
49.30 31.86
49.40 31.75
49.53 31.66
49.62 31.59
49.66 31.53
49.73 31.46
49.79 31.41
49.86 31.34
49.90 31.27
>	
50.25 31.99
50.31 31.92
50.36 31.89
50.39 31.88
50.41 31.88
50.45 31.89
50.49 31.92
50.54 31.93
50.59 31.93
50.61 31.93
50.65 31.92
50.70 31.89
50.78 31.83
50.85 31.78
50.88 31.77
50.91 31.74
50.93 31.71
50.95 31.69
51.00 31.68
51.04 31.67
51.08 31.67
51.09 31.68
51.15 31.67
51.18 31.67
>	
60.26 32.27
60.28 32.15
60.30 32.08
60.30 31.98
60.27 31.87
60.22 31.71
60.19 31.59
60.17 31.47
60.13 31.27
60.13 31.16
60.08 31.03
60.02 30.85
60.02 30.83
>	
50.25 35.77
50.28 35.77
50.31 35.76
50.33 35.75
50.35 35.75
50.36 35.75
50.40 35.77
50.43 35.78
50.45 35.78
50.47 35.77
50.49 35.76
50.52 35.76
50.60 35.77
50.64 35.78
50.67 35.79
50.74 35.78
50.80 35.77
50.86 35.75
50.91 35.72
>	
51.52 35.60
51.64 35.52
51.83 35.46
52.05 35.36
52.20 35.32
>	
58.24 34.21
58.52 33.96
58.66 33.78
58.98 33.52
>	
54.18 28.80
54.44 28.73
54.61 28.66
54.73 28.60
54.85 28.55
54.94 28.52
54.97 28.50
55.11 28.40
>	
54.59 28.45
54.76 28.36
54.87 28.31
54.98 28.26
55.07 28.24
55.15 28.26
55.22 28.26
55.26 28.25
55.30 28.23
55.40 28.22
55.46 28.23
55.59 28.24
55.64 28.24
55.73 28.22
55.79 28.18
55.86 28.14
55.94 28.04
56.03 27.99
56.09 27.97
56.15 27.92
56.19 27.87
56.26 27.83
56.30 27.81
56.37 27.80
56.47 27.76
56.51 27.71
56.54 27.65
56.63 27.59
56.68 27.55
56.74 27.54
56.83 27.53
56.86 27.51
56.90 27.43
56.98 27.33
57.05 27.20
57.09 27.07
57.09 26.97
57.11 26.81
57.13 26.68
57.14 26.61
57.17 26.56
57.22 26.48
57.23 26.39
57.25 26.31
57.27 26.18
57.27 26.06
57.29 25.99
57.32 25.92
57.37 25.84
57.38 25.83
>	
45.66 35.58
45.77 35.46
45.87 35.31
45.95 35.11
45.98 35.02
46.04 34.93
46.23 34.75
46.41 34.58
46.68 34.32
46.81 34.20
46.96 34.10
47.07 34.05
47.25 33.99
47.47 33.93
47.63 33.88
47.91 33.72
48.19 33.55
48.44 33.38
48.68 33.28
49.01 33.22
49.17 33.16
49.38 33.01
49.50 32.91
49.53 32.84
49.53 32.84
49.53 32.84
49.53 32.84
>	
55.95 32.21
55.98 32.13
56.01 32.09
56.04 32.05
56.04 32.01
56.05 31.97
56.07 31.93
56.13 31.85
56.18 31.78
56.26 31.71
>	
56.09 36.78
56.21 36.83
56.32 36.90
56.41 36.99
56.45 37.00
56.49 37.01
56.58 37.01
56.68 37.02
56.72 37.03
56.77 37.08
>	
59.03 35.11
59.05 35.05
59.11 34.98
59.15 34.91
59.23 34.87
59.35 34.82
59.49 34.77
59.56 34.72
59.61 34.68
59.67 34.65
59.71 34.63
59.78 34.57
59.83 34.52
59.91 34.48
>	
51.16 35.50
51.22 35.52
51.25 35.52
51.30 35.53
51.37 35.51
51.41 35.50
51.47 35.48
51.50 35.49
51.54 35.48
51.55 35.48
51.57 35.49
51.58 35.49
51.59 35.50
>	
50.98 36.31
51.18 36.23
51.33 36.17
51.42 36.15
51.48 36.15
51.64 36.15
51.85 36.14
>	
60.24 28.37
60.26 28.25
60.25 28.21 
60.25 28.17
60.26 28.10
60.27 28.07
60.30 28.02
60.33 27.95
60.34 27.93
60.34 27.90
60.32 27.84
60.31 27.77
60.32 27.70
60.34 27.63
60.37 27.57
60.41 27.54
60.49 27.46
>	
54.96 37.01
54.51 36.85
54.17 36.80
54.07 36.77
54.01 36.73
53.92 36.72
53.77 36.72
53.71 36.71
53.56 36.69
53.42 36.68
53.28 36.62
53.14 36.54
53.06 36.52
53.01 36.49
52.90 36.44
52.82 36.43
52.76 36.40
52.70 36.37
52.60 36.37
52.48 36.38
52.37 36.39
52.31 36.40
52.24 36.41
52.20 36.46
52.16 36.47
52.08 36.48
51.92 36.52
51.84 36.54
51.71 36.56
51.61 36.59
51.50 36.60
51.42 36.64
51.38 36.64
51.18 36.66
50.96 36.70
50.81 36.78
50.67 36.89
50.60 36.94
50.50 36.98
50.35 37.01
50.27 37.03
50.19 37.07
50.07 37.15
50.05 37.19
>	
53.88 27.66
54.02 27.58
54.14 27.54
54.27 27.53
54.36 27.53
54.51 27.55
54.74 27.61
54.83 27.61
>	
57.06 38.53
56.71 38.73
56.31 38.92
56.06 39.04
55.73 39.17
55.27 39.32
54.74 39.47
54.29 39.57
54.08 39.58
>	
49.09 33.50
49.17 33.49
49.28 33.45
49.47 33.30
49.58 33.18
49.69 33.06
49.72 33.03
49.75 32.99
49.85 32.91
50.00 32.79
50.15 32.67
50.22 32.60
50.32 32.53
50.38 32.44
50.56 32.30
50.81 32.14
50.96 32.05
51.16 31.93
51.29 31.80
51.44 31.72
51.52 31.67
51.77 31.46
51.93 31.35
52.06 31.27
52.18 31.19
52.46 30.92
52.67 30.75
52.80 30.70
52.92 30.67
53.02 30.66
53.09 30.64
53.16 30.62
53.29 30.51
53.38 30.43
53.56 30.36
53.67 30.30
53.87 30.16
54.00 30.10
54.04 30.06
54.09 29.93
54.12 29.83
54.13 29.75
54.17 29.67
54.19 29.61
54.24 29.54
54.24 29.48
54.29 29.39
54.43 29.22
54.50 29.17
54.52 29.15
54.57 29.15
54.61 29.14
54.75 29.01
54.87 28.92
54.96 28.86
54.97 28.85
54.97 28.77
55.00 28.72
55.08 28.64
55.17 28.56
55.25 28.54
55.29 28.50
55.32 28.49
55.36 28.48
55.40 28.48
55.46 28.44
55.55 28.37
55.65 28.34
55.72 28.34
55.76 28.32
55.81 28.31
55.84 28.32
55.89 28.33
55.98 28.33
56.09 28.34
56.13 28.34
56.17 28.32
56.22 28.27
56.26 28.23
56.35 28.19
56.46 28.16
56.52 28.16
56.57 28.14
56.64 28.09
56.68 28.06
56.78 28.03
56.85 28.02
56.86 28.00
56.87 27.98
56.86 27.90
56.85 27.87
56.85 27.81
56.86 27.74
56.92 27.57
56.98 27.45
57.07 27.37
57.14 27.28
57.18 27.22
57.22 27.12
57.26 27.01
>	
48.42 37.60
48.46 37.50
48.49 37.46
48.58 37.38
48.63 37.35
48.68 37.31
48.70 37.26
48.72 37.23
48.76 37.19
48.82 37.12
48.87 37.07
48.95 37.02
49.01 36.94
>	
54.05 27.07
54.13 27.05
54.17 27.05
54.21 27.06
54.26 27.09
54.34 27.12
54.37 27.14
54.39 27.14
54.43 27.15
54.48 27.14
54.64 27.08
54.82 27.05
54.87 27.05
54.94 27.05
54.97 27.06
55.03 27.06
55.14 27.06
55.18 27.05
55.21 27.05
55.30 27.03
55.38 27.00
55.45 26.96
55.48 26.94
55.51 26.94
55.55 26.94
55.57 26.94
55.62 26.96
55.76 27.04
>	
48.91 32.80
48.99 32.71
49.06 32.64
49.18 32.56
49.26 32.47
49.35 32.35
49.50 32.24
49.54 32.22
49.58 32.18
49.63 32.07
49.67 32.04
49.74 31.99
49.80 31.93
49.83 31.89
49.83 31.81
49.87 31.73
49.93 31.66
49.98 31.60
50.04 31.51
50.21 31.34
50.22 31.28
>	
51.62 28.28
51.67 28.21
51.80 28.09
51.93 27.99
52.10 27.84
52.24 27.75
52.35 27.72
52.40 27.69
52.50 27.61
52.78 27.43
52.82 27.37
52.89 27.30
53.06 27.21
53.29 27.14
53.42 27.10
53.54 27.08
53.60 27.07
53.66 27.06
53.72 27.04
53.82 27.00
53.86 26.97
53.93 26.94
54.01 26.92
54.11 26.90
>	
49.93 31.29
50.03 31.10
50.10 31.04
50.14 31.00
50.30 30.80
>	
51.32 28.80
51.38 28.72
51.46 28.67
51.55 28.61
51.74 28.49
51.90 28.35
>	
46.35 33.23
46.59 33.11
46.62 33.05
46.68 32.95
46.75 32.90
46.84 32.86
46.94 32.85
47.01 32.82
47.15 32.77
47.23 32.75
47.34 32.71
47.38 32.69
47.41 32.68
47.42 32.68
47.44 32.68
47.46 32.68
47.49 32.70
47.51 32.71
47.54 32.70
47.59 32.69
>	
45.80 33.88
45.85 33.79
45.94 33.67
46.00 33.66
46.08 33.63
46.14 33.61
46.22 33.55
46.32 33.46
46.45 33.35
46.56 33.28
>	
45.68 34.72
45.73 34.65
45.78 34.58
45.83 34.53
45.89 34.48
46.02 34.40
>	
50.67 30.59
50.73 30.50
50.78 30.45
50.85 30.41
51.06 30.30
51.23 30.21
51.29 30.19
>	
50.42 36.13
50.56 36.05
50.64 36.02
50.73 36.02
50.81 36.02
50.86 36.03
50.92 36.05
50.98 36.06
51.04 36.06
51.12 36.07
51.16 36.07
51.21 36.07
51.27 36.04
51.33 36.03
51.34 36.02
51.35 36.01
51.35 35.99
51.36 35.98
51.38 35.97
51.42 35.98
51.52 35.96
51.65 35.89
51.83 35.80
52.06 35.76
52.29 35.72
52.45 35.70
52.64 35.69
>	
49.57 36.39
49.65 36.41
49.74 36.41
49.81 36.41
49.87 36.40
49.94 36.38
50.02 36.37
50.09 36.36
50.17 36.35
50.24 36.35
50.28 36.36
>	
44.88 38.30
44.97 38.26
45.01 38.26
45.07 38.27
45.15 38.30
45.20 38.31
45.27 38.32
45.34 38.34
45.40 38.35
45.47 38.38
45.50 38.40
>	
45.33 38.45
45.67 38.35
46.10 38.23
46.23 38.16
46.49 38.04
46.69 37.91
46.92 37.78
47.10 37.63
47.32 37.50
>	
58.19 36.48
58.47 36.38
58.74 36.28
58.81 36.25
58.87 36.20
>	
52.34 28.84
52.42 28.73
52.46 28.65
52.46 28.61
52.48 28.54
52.50 28.52
52.51 28.51
52.59 28.48
52.73 28.46
52.86 28.45
52.89 28.43
53.05 28.38
53.38 28.24
>	
60.46 26.86
60.41 26.81
60.39 26.75
60.35 26.72
60.17 26.63
60.03 26.58
59.91 26.49
>	
61.52 26.92
61.61 26.91
61.67 26.89
61.75 26.83
61.86 26.74
61.88 26.73
61.98 26.73
62.15 26.74
62.29 26.73
62.38 26.74
62.51 26.75
62.64 26.78
62.79 26.79
62.91 26.78
63.08 26.80
63.12 26.80
63.20 26.78
>	
56.91 36.42
57.31 36.31
57.46 36.26
57.57 36.24
57.64 36.23
57.70 36.23
>	
50.31 31.92
50.38 31.84
50.43 31.79
50.48 31.76
50.52 31.74
50.56 31.72
50.60 31.72
50.66 31.72
50.71 31.73
50.77 31.74
50.89 31.73
50.91 31.74
>	
58.16 29.59
58.13 29.84
58.11 29.94
58.06 30.04
57.99 30.17
57.86 30.30
57.75 30.36
57.60 30.42
>	
53.75 26.72
53.87 26.72
53.95 26.74
53.99 26.75
54.01 26.75
54.07 26.72
54.14 26.71
54.18 26.71
54.22 26.71
54.26 26.72
54.36 26.78
54.41 26.81
54.49 26.82
54.51 26.80
54.58 26.76
54.61 26.76
54.63 26.76
54.68 26.78
54.69 26.79
54.72 26.78
54.75 26.77
54.82 26.76
54.97 26.78
55.06 26.79
55.33 26.79
>	
51.08 28.90
51.09 28.76
51.10 28.67
51.12 28.57
51.13 28.52
51.17 28.44
51.24 28.34
51.29 28.26
51.39 28.15
>	
50.37 30.14
50.40 30.06
50.41 30.03
50.51 29.96
50.58 29.91
50.59 29.88
50.61 29.78
50.60 29.74
50.64 29.71
50.78 29.64
50.93 29.56
51.05 29.46
51.16 29.37
51.23 29.32
>	
49.53 32.84
49.74 32.64
50.02 32.40
50.05 32.34
50.08 32.27
50.12 32.23
50.16 32.20
50.18 32.18
50.18 32.15
50.21 32.10
50.26 32.08
50.32 32.06
50.38 32.05
50.58 32.05
>	
47.12 36.88
47.20 36.76
47.24 36.68
47.28 36.58
47.32 36.51
47.34 36.46
47.37 36.42
47.43 36.38
47.46 36.37
>	
57.77 36.79
57.95 36.69
58.05 36.67
58.08 36.64
58.15 36.58
58.17 36.57
58.22 36.56
58.27 36.55
58.34 36.52
58.39 36.47
>	
51.85 35.21
51.91 35.21
51.95 35.21
52.01 35.20
52.06 35.17
52.11 35.16
52.13 35.16
52.18 35.16
52.25 35.22
52.29 35.25
52.30 35.26
52.34 35.26
52.40 35.26
52.43 35.29
52.53 35.29
52.57 35.29
>	
52.64 35.07
52.71 35.04
52.79 35.03
52.84 35.04
52.89 35.05
52.94 35.05
52.98 35.04
53.01 35.04
53.05 35.07
53.06 35.10
53.06 35.14
53.06 35.17
>	
53.12 35.25
53.17 35.26
53.24 35.26
53.27 35.26
53.32 35.27
53.40 35.28
53.43 35.29
>	
52.89 34.93
52.98 34.92
53.05 34.90
53.08 34.91
53.14 34.94
53.22 34.97
53.37 35.02
53.46 35.02
53.54 35.02
53.59 35.01
>	
59.40 34.91
59.50 34.90
59.52 34.89
59.53 34.88
59.58 34.83
59.61 34.79
59.65 34.75
59.73 34.71
59.89 34.62
>	
56.96 33.62
56.96 33.56
56.97 33.50
56.98 33.41
57.01 33.36
57.06 33.31
57.20 33.24
57.36 33.18
>	
