49.71811 36.57365
49.87043 36.57459
50.03276 36.56308
50.18032 36.53573
50.24973 36.51553
50.29206 36.47675
50.34722 36.42832
50.41734 36.3904
50.48968 36.37016
50.62064 36.3568
50.78898 36.33939
50.82381 36.32281
50.87454 36.29664
50.93495 36.26064
51.02734 36.19785
>
58.08152 35.82596
58.17602 35.80312
58.32343 35.77303
58.46795 35.73201
58.59575 35.71312
58.62629 35.70298
58.68433 35.66832
58.75743 35.62582
58.82714 35.60334
58.89238 35.58101
58.96718 35.57093
59.08407 35.56102
59.1628 35.54345
59.20171 35.5274
>
60.1927 28.45745
60.26413 28.39423
60.28624 28.34269
60.29984 28.26621
60.33934 28.20754
60.43112 28.13069
60.54156 28.00869
60.60791 27.92659
60.71209 27.76367
60.75763 27.63192
60.79914 27.55409
60.84559 27.5013
60.90277 27.45113
60.96859 27.36893
60.99694 27.31064
61.01841 27.25586
61.05209 27.22891
61.08651 27.21459
61.1403 27.17083
61.16727 27.15051
>
55.50519 31.38991
55.59618 31.29121
55.70375 31.12803
55.86752 30.96102
56.00377 30.86449
56.16011 30.72471
56.23663 30.66852
56.28211 30.64949
56.45176 30.50606
>
51.64534 30.76637
51.48959 30.89776
51.37114 31.04351
51.31365 31.16035
51.28056 31.30792
51.21186 31.56995
51.17538 31.66575
51.13278 31.81079
51.11496 31.8851
51.10315 31.90607
51.10315 31.90607
51.03498 31.92265
>
58.47604 35.15105
58.71055 35.12314
58.98488 35.12096
59.09584 35.12464
>
57.34533 33.81184
57.37539 33.6734
57.36949 33.60616
57.41998 33.45546
57.43846 33.38763
57.44215 33.29669
57.45627 33.20547
57.46385 33.12614
57.45901 33.08816
57.47478 33.04381
57.54609 32.90422
>
61.88797 26.26679
61.65249 26.26107
61.50868 26.26628
61.32434 26.2711
61.21032 26.26763
61.02235 26.25393
60.94123 26.25093
60.77291 26.27256
60.56482 26.30953
60.45451 26.33045
60.27372 26.36121
60.11253 26.43213
>
57.42496 30.10682
57.52337 29.97167
57.73753 29.78701
57.79843 29.68253
57.84592 29.52193
57.89431 29.28162
57.93889 29.0447
57.95974 28.99431
57.99208 28.95026
58.13862 28.83985
>
49.82607 35.18305
49.95602 35.04177
50.01228 35.00635
50.12337 34.9616
50.22131 34.90505
50.29216 34.84375
50.36274 34.78614
50.41146 34.70901
50.42719 34.66079
50.45625 34.61674
50.51187 34.58478
50.55295 34.57483
>
58.16177 35.12558
58.22215 35.16
58.36033 35.21861
58.42082 35.22808
58.49459 35.22446
58.53651 35.22533
58.56599 35.22892
58.6253 35.24177
58.68993 35.24979
58.72901 35.24955
58.77213 35.24684
58.83982 35.23406
58.92925 35.21129
59.03459 35.17519
>
63.22489 26.97788
62.88857 26.89518
62.7148 26.87117
62.52884 26.8729
62.4023 26.87091
62.31792 26.86951
62.24318 26.85489
62.15858 26.85025
62.08861 26.8542
62.01205 26.86482
61.92291 26.8982
61.83433 26.94094
61.7962 26.94935
61.74095 26.96498
61.68178 26.97446
>
62.40948 26.63749 
62.30327 26.64137
62.16773 26.624
61.96074 26.56018
61.71519 26.48438
61.61222 26.45783
61.5379 26.44343
61.48446 26.43932
61.43396 26.44192
61.37431 26.46098
61.27783 26.50014
61.208 26.51962
61.14068 26.53896
61.09038 26.54599
61.02541 26.56288
>
55.86534 32.03029 
56.00884 31.81637
56.12289 31.59345
56.21365 31.47838
56.25834 31.39161
56.26777 31.32995
56.3216 31.17536
56.36351 31.13471
56.49603 31.00642
56.72866 30.77156
56.81276 30.72687
56.94909 30.64726
57.00574 30.64301
57.03756 30.63927
>
56.95597 31.62889
57.00394 31.64419
57.04669 31.64328
57.06569 31.64288
57.09406 31.6382
57.12219 31.62534
57.14957 31.58804
57.1489 31.09479
57.27764 30.82685
57.38953 30.64071
57.39746 30.57762
57.42575 30.5451
57.46608 30.51887
>
56.50526 29.47505
57.02058 29.50848
>
57.6217 38.29665
57.9178 38.15552
58.109 38.06121
58.1995 37.97425
58.43556 37.79828
>
56.40877 38.93949
56.77107 38.77808
57.03108 38.63553
57.25672 38.50202
57.5457 38.29562
>
50.96211 36.69725
51.15243 36.62077
51.34815 36.57371
51.51019 36.50312
51.63264 36.46656
51.71275 36.43319
51.80134 36.42237
51.85023 36.41704
51.93019 36.38457
52.15679 36.32655
52.35154 36.27032
52.50817 36.20245
52.57535 36.19498
52.63195 36.1905
52.67823 36.17516
52.72039 36.16937
52.75187 36.17195
52.79766 36.18327
52.94606 36.19054
53.01022 36.20733
53.06409 36.20903
53.11412 36.20532
53.1679 36.2059
53.25034 36.23985
53.31053 36.26926
53.36296 36.29004
53.41006 36.31929
53.49923 36.36275
53.72683 36.42624
53.93761 36.50209
54.02872 36.50137
54.08814 36.50047
54.11982 36.50483
54.15415 36.51666
54.31744 36.58915
54.39417 36.61059
>
50.37334 30.13963
50.22017 30.2011
49.99487 30.28779
49.8556 30.34006
49.8323 30.35065
49.81865 30.3644
49.80687 30.40951
49.78841 30.60512
>
49.01607 36.96798
49.10448 36.90416
49.20178 36.85697
49.29443 36.82847
49.39275 36.81641
49.45046 36.80799
49.56601 36.78836
49.6414 36.76431
49.70732 36.72895
49.88867 36.67089
>
59.04142 26.89252
59.1561 26.84508
59.19224 26.84381
59.21663 26.85017
59.28195 26.87314
59.36833 26.91701
59.39677 26.92318
59.44899 26.92125
59.52833 26.89654
59.65582 26.86993
59.71936 26.85299
59.76735 26.84747
59.83207 26.85573
59.88875 26.86428
59.91265 26.8597
>
60.68634 31.38776
60.70426 31.33958
60.75467 31.2716
60.7869 31.24816
60.80624 31.22173
60.80898 31.19977
60.81519 31.16672
>
54.40727 36.56787
54.73429 36.5581
54.83878 36.55467
54.87366 36.55925
54.90473 36.57164
55.07462 36.70378
55.16261 36.76271
55.21127 36.77337
>
48.19809 36.60415
48.25359 36.60958
48.3046 36.59212
48.42513 36.51531
48.51785 36.47722
48.59364 36.45835
48.62799 36.45499
48.67523 36.44471
48.71387 36.42397
48.82404 36.35374
48.9457 36.29401
49.01735 36.23943
49.0503 36.20822
49.07382 36.1791
49.11345 36.0903
49.13019 36.0206
49.13145 36.00053
>
49.47944 34.88098
49.61781 34.75161
49.77985 34.59299
49.86141 34.4986
49.95197 34.40073
50.03242 34.32115
50.13932 34.24992
50.35644 34.12226
>
50.49601 36.0884
50.8279 36.09749
50.95006 36.1134
51.06679 36.12441
51.10266 36.12543
51.14638 36.11895
51.19828 36.09574
>
59.9083 35.51039
59.96846 35.50164
60.0205 35.48134
60.09389 35.42022
60.1945 35.36769
60.29797 35.32291
60.33942 35.29303
60.36905 35.26768
60.39281 35.22874
>
54.05492 35.18846
54.16295 35.22476
54.28275 35.23455
54.39381 35.24903
54.47867 35.27786
54.69253 35.34722
54.74525 35.35429
54.79809 35.37577
54.86287 35.4212
54.99244 35.49272
55.07783 35.52591
55.18958 35.54929
55.27192 35.56313
55.34549 35.57701
>
59.99484 31.50197
60.03038 31.17658
60.01334 31.03181
59.96863 30.77176
59.95544 30.54305
59.93166 30.42032
59.94644 30.23765
59.94528 29.99377
59.93747 29.92855
>
45.9776 38.26301
45.87964 38.24037
45.74734 38.20394
45.66734 38.18795
45.61536 38.18401
45.56282 38.185
45.46567 38.19079
>
51.78505 35.82668
51.56091 35.81122
51.43725 35.79234
51.34048 35.78355
51.19427 35.74799
51.1515 35.75001
51.0729 35.77639
50.92565 35.86737
50.80165 35.9525
50.76886 35.98151
50.72711 36.01695
>
46.42501 33.14351
46.38553 33.16075
46.35542 33.17115
46.24329 33.18359
46.16603 33.19825
46.09501 33.24043
46.0221 33.3343
45.88324 33.50499
45.70835 33.67787
45.47744 33.93267
>
58.51632 35.14629
58.44183 35.10439
58.36591 35.09087
58.31416 35.08682
58.2263 35.08502
58.14262 35.08305
58.08136 35.0838
58.04502 35.08145
57.98479 35.07406
57.89579 35.0457
>
57.35789 33.17857
57.19542 33.31428
57.11772 33.38929
57.08825 33.44857
57.04958 33.54905
57.0182 33.66106
57.00266 33.72293
56.98601 33.74967
56.92456 33.80075
56.81804 33.87032
>
53.18375 29.53419
53.03077 29.56179
52.8863 29.62083
52.7715 29.69053
52.64419 29.78366
52.44017 29.95967
52.22401 30.1062
52.03118 30.26063
51.94764 30.35894
51.87225 30.48885
51.83274 30.585
51.78302 30.64182
51.69011 30.72923
>
51.65852 36.39513
51.67154 36.38673
51.69485 36.37451
>
51.21782 36.35557
51.31568 36.38803
51.41032 36.41251
51.41098 36.41224
51.51068 36.42274
51.61029 36.41848
51.61187 36.41837
51.61349 36.41822
51.61516 36.41802
51.61684 36.41778
51.61852 36.41751
51.62016 36.41722
51.62175 36.41691
51.62326 36.41658
51.6247 36.41625
51.62607 36.4159
51.62738 36.41554
51.62862 36.41518
51.6298 36.4148
51.63092 36.41442
51.63199 36.41404
51.63301 36.41364
51.63401 36.41323
51.63499 36.41281
51.63598 36.41236
51.63699 36.41188
51.63805 36.41137
51.63918 36.4108
51.64039 36.41019
51.64171 36.4095
51.64318 36.40866
51.64488 36.40758
51.64684 36.40615
51.64913 36.40429
51.6518 36.40189
51.65491 36.39887
51.65852 36.39513

